{
 "cells": [
  {
   "cell_type": "code",
   "execution_count": 1,
   "id": "6fc4fd05-4b9e-423d-a71d-62336c822fc3",
   "metadata": {},
   "outputs": [],
   "source": [
    "import pandas as pd\n",
    "import matplotlib as plt\n",
    "\n",
    "happiness = pd.read_csv(\"DataSets/2018-2019+Happiness.csv\")\n",
    "airbnb = pd.read_csv(\"DataSets/airbnb.csv\")\n",
    "sales = pd.read_csv(\"DataSets/web_sales.csv\")\n",
    "salaries = pd.read_csv(\"DataSets/salaries.csv\")\n",
    "eth = pd.read_csv(\"DataSets/Ethereum+Historical+Data.csv\", index_col = 0)"
   ]
  },
  {
   "cell_type": "markdown",
   "id": "edc89aed-30a3-4d81-9630-e53a9f1181df",
   "metadata": {},
   "source": [
    "## Convirtiendo a DateTime"
   ]
  },
  {
   "cell_type": "code",
   "execution_count": 2,
   "id": "ce0a298c-e87f-46b9-9597-5d6babf5e1b8",
   "metadata": {},
   "outputs": [
    {
     "data": {
      "text/html": [
       "<div>\n",
       "<style scoped>\n",
       "    .dataframe tbody tr th:only-of-type {\n",
       "        vertical-align: middle;\n",
       "    }\n",
       "\n",
       "    .dataframe tbody tr th {\n",
       "        vertical-align: top;\n",
       "    }\n",
       "\n",
       "    .dataframe thead th {\n",
       "        text-align: right;\n",
       "    }\n",
       "</style>\n",
       "<table border=\"1\" class=\"dataframe\">\n",
       "  <thead>\n",
       "    <tr style=\"text-align: right;\">\n",
       "      <th></th>\n",
       "      <th>Coin</th>\n",
       "      <th>Price</th>\n",
       "      <th>Open</th>\n",
       "      <th>High</th>\n",
       "      <th>Low</th>\n",
       "      <th>Vol.</th>\n",
       "      <th>Change %</th>\n",
       "    </tr>\n",
       "    <tr>\n",
       "      <th>Date</th>\n",
       "      <th></th>\n",
       "      <th></th>\n",
       "      <th></th>\n",
       "      <th></th>\n",
       "      <th></th>\n",
       "      <th></th>\n",
       "      <th></th>\n",
       "    </tr>\n",
       "  </thead>\n",
       "  <tbody>\n",
       "    <tr>\n",
       "      <th>1/01/2020</th>\n",
       "      <td>ETH</td>\n",
       "      <td>130.75</td>\n",
       "      <td>129.21</td>\n",
       "      <td>132.97</td>\n",
       "      <td>128.81</td>\n",
       "      <td>10.35M</td>\n",
       "      <td>1.19%</td>\n",
       "    </tr>\n",
       "    <tr>\n",
       "      <th>1/01/2021</th>\n",
       "      <td>ETH</td>\n",
       "      <td>729.12</td>\n",
       "      <td>735.87</td>\n",
       "      <td>748.96</td>\n",
       "      <td>715.74</td>\n",
       "      <td>1.64M</td>\n",
       "      <td>-0.93%</td>\n",
       "    </tr>\n",
       "    <tr>\n",
       "      <th>1/01/2022</th>\n",
       "      <td>ETH</td>\n",
       "      <td>3765.67</td>\n",
       "      <td>3677.69</td>\n",
       "      <td>3775.20</td>\n",
       "      <td>3675.75</td>\n",
       "      <td>239.54K</td>\n",
       "      <td>2.39%</td>\n",
       "    </tr>\n",
       "    <tr>\n",
       "      <th>1/01/2023</th>\n",
       "      <td>ETH</td>\n",
       "      <td>1200.52</td>\n",
       "      <td>1195.69</td>\n",
       "      <td>1204.12</td>\n",
       "      <td>1191.67</td>\n",
       "      <td>126.62K</td>\n",
       "      <td>0.41%</td>\n",
       "    </tr>\n",
       "    <tr>\n",
       "      <th>1/01/2024</th>\n",
       "      <td>ETH</td>\n",
       "      <td>2352.03</td>\n",
       "      <td>2281.89</td>\n",
       "      <td>2352.03</td>\n",
       "      <td>2266.75</td>\n",
       "      <td>229.28K</td>\n",
       "      <td>3.07%</td>\n",
       "    </tr>\n",
       "    <tr>\n",
       "      <th>...</th>\n",
       "      <td>...</td>\n",
       "      <td>...</td>\n",
       "      <td>...</td>\n",
       "      <td>...</td>\n",
       "      <td>...</td>\n",
       "      <td>...</td>\n",
       "      <td>...</td>\n",
       "    </tr>\n",
       "    <tr>\n",
       "      <th>9/11/2023</th>\n",
       "      <td>ETH</td>\n",
       "      <td>2120.16</td>\n",
       "      <td>1888.42</td>\n",
       "      <td>2131.31</td>\n",
       "      <td>1882.91</td>\n",
       "      <td>1.21M</td>\n",
       "      <td>12.22%</td>\n",
       "    </tr>\n",
       "    <tr>\n",
       "      <th>9/12/2020</th>\n",
       "      <td>ETH</td>\n",
       "      <td>573.21</td>\n",
       "      <td>554.95</td>\n",
       "      <td>577.94</td>\n",
       "      <td>530.88</td>\n",
       "      <td>9.10M</td>\n",
       "      <td>3.27%</td>\n",
       "    </tr>\n",
       "    <tr>\n",
       "      <th>9/12/2021</th>\n",
       "      <td>ETH</td>\n",
       "      <td>4107.69</td>\n",
       "      <td>4435.74</td>\n",
       "      <td>4482.89</td>\n",
       "      <td>4078.14</td>\n",
       "      <td>642.17K</td>\n",
       "      <td>-7.40%</td>\n",
       "    </tr>\n",
       "    <tr>\n",
       "      <th>9/12/2022</th>\n",
       "      <td>ETH</td>\n",
       "      <td>1262.86</td>\n",
       "      <td>1280.29</td>\n",
       "      <td>1291.11</td>\n",
       "      <td>1257.00</td>\n",
       "      <td>437.55K</td>\n",
       "      <td>-1.36%</td>\n",
       "    </tr>\n",
       "    <tr>\n",
       "      <th>9/12/2023</th>\n",
       "      <td>ETH</td>\n",
       "      <td>2340.55</td>\n",
       "      <td>2358.42</td>\n",
       "      <td>2401.34</td>\n",
       "      <td>2332.36</td>\n",
       "      <td>304.64K</td>\n",
       "      <td>-0.76%</td>\n",
       "    </tr>\n",
       "  </tbody>\n",
       "</table>\n",
       "<p>1502 rows × 7 columns</p>\n",
       "</div>"
      ],
      "text/plain": [
       "          Coin    Price     Open     High      Low     Vol. Change %\n",
       "Date                                                                \n",
       "1/01/2020  ETH   130.75   129.21   132.97   128.81   10.35M    1.19%\n",
       "1/01/2021  ETH   729.12   735.87   748.96   715.74    1.64M   -0.93%\n",
       "1/01/2022  ETH  3765.67  3677.69  3775.20  3675.75  239.54K    2.39%\n",
       "1/01/2023  ETH  1200.52  1195.69  1204.12  1191.67  126.62K    0.41%\n",
       "1/01/2024  ETH  2352.03  2281.89  2352.03  2266.75  229.28K    3.07%\n",
       "...        ...      ...      ...      ...      ...      ...      ...\n",
       "9/11/2023  ETH  2120.16  1888.42  2131.31  1882.91    1.21M   12.22%\n",
       "9/12/2020  ETH   573.21   554.95   577.94   530.88    9.10M    3.27%\n",
       "9/12/2021  ETH  4107.69  4435.74  4482.89  4078.14  642.17K   -7.40%\n",
       "9/12/2022  ETH  1262.86  1280.29  1291.11  1257.00  437.55K   -1.36%\n",
       "9/12/2023  ETH  2340.55  2358.42  2401.34  2332.36  304.64K   -0.76%\n",
       "\n",
       "[1502 rows x 7 columns]"
      ]
     },
     "execution_count": 2,
     "metadata": {},
     "output_type": "execute_result"
    }
   ],
   "source": [
    "eth.sort_index()"
   ]
  },
  {
   "cell_type": "markdown",
   "id": "99668171-3953-48de-a22b-1595c03f04b6",
   "metadata": {},
   "source": [
    "**Para cambiar el formato a datetime, usaremos la funcion pd.to_datetime()**<br><br>\n",
    "\n",
    "***Por ejemplo:***"
   ]
  },
  {
   "cell_type": "code",
   "execution_count": 3,
   "id": "0dfcad30-e189-423d-81db-0f0ab41590b3",
   "metadata": {},
   "outputs": [],
   "source": [
    "eth.index = pd.to_datetime(eth.index, format ='%d/%m/%Y') #es importante especificar el formato, ya que de lo contrario dara error"
   ]
  },
  {
   "cell_type": "markdown",
   "id": "5a8488af-277a-4b31-8b8f-6c8b8c31774d",
   "metadata": {},
   "source": [
    "**Podemos consultar la lista de formatos en la siguiente pagina:** https://docs.python.org/3/library/datetime.html"
   ]
  },
  {
   "cell_type": "code",
   "execution_count": 4,
   "id": "cb51d6c0-e784-4a72-889b-0fb3e308a149",
   "metadata": {},
   "outputs": [
    {
     "data": {
      "text/html": [
       "<div>\n",
       "<style scoped>\n",
       "    .dataframe tbody tr th:only-of-type {\n",
       "        vertical-align: middle;\n",
       "    }\n",
       "\n",
       "    .dataframe tbody tr th {\n",
       "        vertical-align: top;\n",
       "    }\n",
       "\n",
       "    .dataframe thead th {\n",
       "        text-align: right;\n",
       "    }\n",
       "</style>\n",
       "<table border=\"1\" class=\"dataframe\">\n",
       "  <thead>\n",
       "    <tr style=\"text-align: right;\">\n",
       "      <th></th>\n",
       "      <th>Coin</th>\n",
       "      <th>Price</th>\n",
       "      <th>Open</th>\n",
       "      <th>High</th>\n",
       "      <th>Low</th>\n",
       "      <th>Vol.</th>\n",
       "      <th>Change %</th>\n",
       "    </tr>\n",
       "    <tr>\n",
       "      <th>Date</th>\n",
       "      <th></th>\n",
       "      <th></th>\n",
       "      <th></th>\n",
       "      <th></th>\n",
       "      <th></th>\n",
       "      <th></th>\n",
       "      <th></th>\n",
       "    </tr>\n",
       "  </thead>\n",
       "  <tbody>\n",
       "    <tr>\n",
       "      <th>2024-02-10</th>\n",
       "      <td>ETH</td>\n",
       "      <td>2508.31</td>\n",
       "      <td>2486.24</td>\n",
       "      <td>2514.83</td>\n",
       "      <td>2483.50</td>\n",
       "      <td>504.80K</td>\n",
       "      <td>0.89%</td>\n",
       "    </tr>\n",
       "    <tr>\n",
       "      <th>2024-02-09</th>\n",
       "      <td>ETH</td>\n",
       "      <td>2486.24</td>\n",
       "      <td>2419.56</td>\n",
       "      <td>2522.96</td>\n",
       "      <td>2419.16</td>\n",
       "      <td>540.92K</td>\n",
       "      <td>2.76%</td>\n",
       "    </tr>\n",
       "    <tr>\n",
       "      <th>2024-02-08</th>\n",
       "      <td>ETH</td>\n",
       "      <td>2419.56</td>\n",
       "      <td>2424.66</td>\n",
       "      <td>2461.00</td>\n",
       "      <td>2412.01</td>\n",
       "      <td>350.33K</td>\n",
       "      <td>-0.21%</td>\n",
       "    </tr>\n",
       "    <tr>\n",
       "      <th>2024-02-07</th>\n",
       "      <td>ETH</td>\n",
       "      <td>2424.64</td>\n",
       "      <td>2372.65</td>\n",
       "      <td>2443.71</td>\n",
       "      <td>2354.46</td>\n",
       "      <td>355.40K</td>\n",
       "      <td>2.19%</td>\n",
       "    </tr>\n",
       "    <tr>\n",
       "      <th>2024-02-06</th>\n",
       "      <td>ETH</td>\n",
       "      <td>2372.65</td>\n",
       "      <td>2301.83</td>\n",
       "      <td>2390.53</td>\n",
       "      <td>2299.24</td>\n",
       "      <td>381.23K</td>\n",
       "      <td>3.08%</td>\n",
       "    </tr>\n",
       "    <tr>\n",
       "      <th>...</th>\n",
       "      <td>...</td>\n",
       "      <td>...</td>\n",
       "      <td>...</td>\n",
       "      <td>...</td>\n",
       "      <td>...</td>\n",
       "      <td>...</td>\n",
       "      <td>...</td>\n",
       "    </tr>\n",
       "    <tr>\n",
       "      <th>2020-01-05</th>\n",
       "      <td>ETH</td>\n",
       "      <td>135.59</td>\n",
       "      <td>134.32</td>\n",
       "      <td>138.33</td>\n",
       "      <td>134.32</td>\n",
       "      <td>12.19M</td>\n",
       "      <td>0.94%</td>\n",
       "    </tr>\n",
       "    <tr>\n",
       "      <th>2020-01-04</th>\n",
       "      <td>ETH</td>\n",
       "      <td>134.33</td>\n",
       "      <td>134.30</td>\n",
       "      <td>135.57</td>\n",
       "      <td>132.76</td>\n",
       "      <td>11.16M</td>\n",
       "      <td>0.04%</td>\n",
       "    </tr>\n",
       "    <tr>\n",
       "      <th>2020-01-03</th>\n",
       "      <td>ETH</td>\n",
       "      <td>134.27</td>\n",
       "      <td>127.19</td>\n",
       "      <td>134.86</td>\n",
       "      <td>126.05</td>\n",
       "      <td>15.67M</td>\n",
       "      <td>5.56%</td>\n",
       "    </tr>\n",
       "    <tr>\n",
       "      <th>2020-01-02</th>\n",
       "      <td>ETH</td>\n",
       "      <td>127.19</td>\n",
       "      <td>130.75</td>\n",
       "      <td>130.77</td>\n",
       "      <td>126.74</td>\n",
       "      <td>11.45M</td>\n",
       "      <td>-2.72%</td>\n",
       "    </tr>\n",
       "    <tr>\n",
       "      <th>2020-01-01</th>\n",
       "      <td>ETH</td>\n",
       "      <td>130.75</td>\n",
       "      <td>129.21</td>\n",
       "      <td>132.97</td>\n",
       "      <td>128.81</td>\n",
       "      <td>10.35M</td>\n",
       "      <td>1.19%</td>\n",
       "    </tr>\n",
       "  </tbody>\n",
       "</table>\n",
       "<p>1502 rows × 7 columns</p>\n",
       "</div>"
      ],
      "text/plain": [
       "           Coin    Price     Open     High      Low     Vol. Change %\n",
       "Date                                                                 \n",
       "2024-02-10  ETH  2508.31  2486.24  2514.83  2483.50  504.80K    0.89%\n",
       "2024-02-09  ETH  2486.24  2419.56  2522.96  2419.16  540.92K    2.76%\n",
       "2024-02-08  ETH  2419.56  2424.66  2461.00  2412.01  350.33K   -0.21%\n",
       "2024-02-07  ETH  2424.64  2372.65  2443.71  2354.46  355.40K    2.19%\n",
       "2024-02-06  ETH  2372.65  2301.83  2390.53  2299.24  381.23K    3.08%\n",
       "...         ...      ...      ...      ...      ...      ...      ...\n",
       "2020-01-05  ETH   135.59   134.32   138.33   134.32   12.19M    0.94%\n",
       "2020-01-04  ETH   134.33   134.30   135.57   132.76   11.16M    0.04%\n",
       "2020-01-03  ETH   134.27   127.19   134.86   126.05   15.67M    5.56%\n",
       "2020-01-02  ETH   127.19   130.75   130.77   126.74   11.45M   -2.72%\n",
       "2020-01-01  ETH   130.75   129.21   132.97   128.81   10.35M    1.19%\n",
       "\n",
       "[1502 rows x 7 columns]"
      ]
     },
     "execution_count": 4,
     "metadata": {},
     "output_type": "execute_result"
    }
   ],
   "source": [
    "eth"
   ]
  },
  {
   "cell_type": "markdown",
   "id": "4ef587f2-db35-450b-bb77-12f4bb12b933",
   "metadata": {},
   "source": [
    "**Si ahora consultamos el index, podemos ver que se cambio el formato de la columna por datetime**"
   ]
  },
  {
   "cell_type": "code",
   "execution_count": 5,
   "id": "503c05b5-948d-4f45-acb1-9194ad632a62",
   "metadata": {},
   "outputs": [
    {
     "data": {
      "text/plain": [
       "DatetimeIndex(['2024-02-10', '2024-02-09', '2024-02-08', '2024-02-07',\n",
       "               '2024-02-06', '2024-02-05', '2024-02-04', '2024-02-03',\n",
       "               '2024-02-02', '2024-02-01',\n",
       "               ...\n",
       "               '2020-01-10', '2020-01-09', '2020-01-08', '2020-01-07',\n",
       "               '2020-01-06', '2020-01-05', '2020-01-04', '2020-01-03',\n",
       "               '2020-01-02', '2020-01-01'],\n",
       "              dtype='datetime64[ns]', name='Date', length=1502, freq=None)"
      ]
     },
     "execution_count": 5,
     "metadata": {},
     "output_type": "execute_result"
    }
   ],
   "source": [
    "eth.index"
   ]
  },
  {
   "cell_type": "code",
   "execution_count": 6,
   "id": "d9b45a8f-0104-4fef-978b-189aa551a1e7",
   "metadata": {},
   "outputs": [
    {
     "data": {
      "text/html": [
       "<div>\n",
       "<style scoped>\n",
       "    .dataframe tbody tr th:only-of-type {\n",
       "        vertical-align: middle;\n",
       "    }\n",
       "\n",
       "    .dataframe tbody tr th {\n",
       "        vertical-align: top;\n",
       "    }\n",
       "\n",
       "    .dataframe thead th {\n",
       "        text-align: right;\n",
       "    }\n",
       "</style>\n",
       "<table border=\"1\" class=\"dataframe\">\n",
       "  <thead>\n",
       "    <tr style=\"text-align: right;\">\n",
       "      <th></th>\n",
       "      <th>Coin</th>\n",
       "      <th>Price</th>\n",
       "      <th>Open</th>\n",
       "      <th>High</th>\n",
       "      <th>Low</th>\n",
       "      <th>Vol.</th>\n",
       "      <th>Change %</th>\n",
       "    </tr>\n",
       "    <tr>\n",
       "      <th>Date</th>\n",
       "      <th></th>\n",
       "      <th></th>\n",
       "      <th></th>\n",
       "      <th></th>\n",
       "      <th></th>\n",
       "      <th></th>\n",
       "      <th></th>\n",
       "    </tr>\n",
       "  </thead>\n",
       "  <tbody>\n",
       "    <tr>\n",
       "      <th>2020-01-01</th>\n",
       "      <td>ETH</td>\n",
       "      <td>130.75</td>\n",
       "      <td>129.21</td>\n",
       "      <td>132.97</td>\n",
       "      <td>128.81</td>\n",
       "      <td>10.35M</td>\n",
       "      <td>1.19%</td>\n",
       "    </tr>\n",
       "    <tr>\n",
       "      <th>2020-01-02</th>\n",
       "      <td>ETH</td>\n",
       "      <td>127.19</td>\n",
       "      <td>130.75</td>\n",
       "      <td>130.77</td>\n",
       "      <td>126.74</td>\n",
       "      <td>11.45M</td>\n",
       "      <td>-2.72%</td>\n",
       "    </tr>\n",
       "    <tr>\n",
       "      <th>2020-01-03</th>\n",
       "      <td>ETH</td>\n",
       "      <td>134.27</td>\n",
       "      <td>127.19</td>\n",
       "      <td>134.86</td>\n",
       "      <td>126.05</td>\n",
       "      <td>15.67M</td>\n",
       "      <td>5.56%</td>\n",
       "    </tr>\n",
       "    <tr>\n",
       "      <th>2020-01-04</th>\n",
       "      <td>ETH</td>\n",
       "      <td>134.33</td>\n",
       "      <td>134.30</td>\n",
       "      <td>135.57</td>\n",
       "      <td>132.76</td>\n",
       "      <td>11.16M</td>\n",
       "      <td>0.04%</td>\n",
       "    </tr>\n",
       "    <tr>\n",
       "      <th>2020-01-05</th>\n",
       "      <td>ETH</td>\n",
       "      <td>135.59</td>\n",
       "      <td>134.32</td>\n",
       "      <td>138.33</td>\n",
       "      <td>134.32</td>\n",
       "      <td>12.19M</td>\n",
       "      <td>0.94%</td>\n",
       "    </tr>\n",
       "    <tr>\n",
       "      <th>...</th>\n",
       "      <td>...</td>\n",
       "      <td>...</td>\n",
       "      <td>...</td>\n",
       "      <td>...</td>\n",
       "      <td>...</td>\n",
       "      <td>...</td>\n",
       "      <td>...</td>\n",
       "    </tr>\n",
       "    <tr>\n",
       "      <th>2024-02-06</th>\n",
       "      <td>ETH</td>\n",
       "      <td>2372.65</td>\n",
       "      <td>2301.83</td>\n",
       "      <td>2390.53</td>\n",
       "      <td>2299.24</td>\n",
       "      <td>381.23K</td>\n",
       "      <td>3.08%</td>\n",
       "    </tr>\n",
       "    <tr>\n",
       "      <th>2024-02-07</th>\n",
       "      <td>ETH</td>\n",
       "      <td>2424.64</td>\n",
       "      <td>2372.65</td>\n",
       "      <td>2443.71</td>\n",
       "      <td>2354.46</td>\n",
       "      <td>355.40K</td>\n",
       "      <td>2.19%</td>\n",
       "    </tr>\n",
       "    <tr>\n",
       "      <th>2024-02-08</th>\n",
       "      <td>ETH</td>\n",
       "      <td>2419.56</td>\n",
       "      <td>2424.66</td>\n",
       "      <td>2461.00</td>\n",
       "      <td>2412.01</td>\n",
       "      <td>350.33K</td>\n",
       "      <td>-0.21%</td>\n",
       "    </tr>\n",
       "    <tr>\n",
       "      <th>2024-02-09</th>\n",
       "      <td>ETH</td>\n",
       "      <td>2486.24</td>\n",
       "      <td>2419.56</td>\n",
       "      <td>2522.96</td>\n",
       "      <td>2419.16</td>\n",
       "      <td>540.92K</td>\n",
       "      <td>2.76%</td>\n",
       "    </tr>\n",
       "    <tr>\n",
       "      <th>2024-02-10</th>\n",
       "      <td>ETH</td>\n",
       "      <td>2508.31</td>\n",
       "      <td>2486.24</td>\n",
       "      <td>2514.83</td>\n",
       "      <td>2483.50</td>\n",
       "      <td>504.80K</td>\n",
       "      <td>0.89%</td>\n",
       "    </tr>\n",
       "  </tbody>\n",
       "</table>\n",
       "<p>1502 rows × 7 columns</p>\n",
       "</div>"
      ],
      "text/plain": [
       "           Coin    Price     Open     High      Low     Vol. Change %\n",
       "Date                                                                 \n",
       "2020-01-01  ETH   130.75   129.21   132.97   128.81   10.35M    1.19%\n",
       "2020-01-02  ETH   127.19   130.75   130.77   126.74   11.45M   -2.72%\n",
       "2020-01-03  ETH   134.27   127.19   134.86   126.05   15.67M    5.56%\n",
       "2020-01-04  ETH   134.33   134.30   135.57   132.76   11.16M    0.04%\n",
       "2020-01-05  ETH   135.59   134.32   138.33   134.32   12.19M    0.94%\n",
       "...         ...      ...      ...      ...      ...      ...      ...\n",
       "2024-02-06  ETH  2372.65  2301.83  2390.53  2299.24  381.23K    3.08%\n",
       "2024-02-07  ETH  2424.64  2372.65  2443.71  2354.46  355.40K    2.19%\n",
       "2024-02-08  ETH  2419.56  2424.66  2461.00  2412.01  350.33K   -0.21%\n",
       "2024-02-09  ETH  2486.24  2419.56  2522.96  2419.16  540.92K    2.76%\n",
       "2024-02-10  ETH  2508.31  2486.24  2514.83  2483.50  504.80K    0.89%\n",
       "\n",
       "[1502 rows x 7 columns]"
      ]
     },
     "execution_count": 6,
     "metadata": {},
     "output_type": "execute_result"
    }
   ],
   "source": [
    "eth.sort_index()"
   ]
  },
  {
   "cell_type": "markdown",
   "id": "e0d65ed9-cdd0-44fc-b9af-877c17f788f2",
   "metadata": {},
   "source": [
    "## Reemplazar valores en un DataFrame"
   ]
  },
  {
   "cell_type": "markdown",
   "id": "604f48e7-03ee-454e-97b7-80aacc57643b",
   "metadata": {},
   "source": [
    "Para cambiar un valor podemos usar el metodo replace"
   ]
  },
  {
   "cell_type": "code",
   "execution_count": 53,
   "id": "8c6de0ea-fecd-48be-ae85-db984a62b4f4",
   "metadata": {},
   "outputs": [],
   "source": [
    "eth['Change %'] = eth['Change %'].replace('%','', regex = True) \n",
    "# si no se le da el parametro Regex en true, no quitara el porcentaje\n",
    "# regex en true, sirve para decirle a pandas \"encuentra cualquier cosa que se parezca a esto\", en false, buscara coincidencias exactas"
   ]
  },
  {
   "cell_type": "code",
   "execution_count": 8,
   "id": "63af9796-bb53-4d6b-b4ae-d9ec5f8cfbd7",
   "metadata": {},
   "outputs": [
    {
     "data": {
      "text/html": [
       "<div>\n",
       "<style scoped>\n",
       "    .dataframe tbody tr th:only-of-type {\n",
       "        vertical-align: middle;\n",
       "    }\n",
       "\n",
       "    .dataframe tbody tr th {\n",
       "        vertical-align: top;\n",
       "    }\n",
       "\n",
       "    .dataframe thead th {\n",
       "        text-align: right;\n",
       "    }\n",
       "</style>\n",
       "<table border=\"1\" class=\"dataframe\">\n",
       "  <thead>\n",
       "    <tr style=\"text-align: right;\">\n",
       "      <th></th>\n",
       "      <th>Coin</th>\n",
       "      <th>Price</th>\n",
       "      <th>Open</th>\n",
       "      <th>High</th>\n",
       "      <th>Low</th>\n",
       "      <th>Vol.</th>\n",
       "      <th>Change %</th>\n",
       "    </tr>\n",
       "    <tr>\n",
       "      <th>Date</th>\n",
       "      <th></th>\n",
       "      <th></th>\n",
       "      <th></th>\n",
       "      <th></th>\n",
       "      <th></th>\n",
       "      <th></th>\n",
       "      <th></th>\n",
       "    </tr>\n",
       "  </thead>\n",
       "  <tbody>\n",
       "    <tr>\n",
       "      <th>2024-02-10</th>\n",
       "      <td>ETH</td>\n",
       "      <td>2508.31</td>\n",
       "      <td>2486.24</td>\n",
       "      <td>2514.83</td>\n",
       "      <td>2483.50</td>\n",
       "      <td>504.80K</td>\n",
       "      <td>0.89</td>\n",
       "    </tr>\n",
       "    <tr>\n",
       "      <th>2024-02-09</th>\n",
       "      <td>ETH</td>\n",
       "      <td>2486.24</td>\n",
       "      <td>2419.56</td>\n",
       "      <td>2522.96</td>\n",
       "      <td>2419.16</td>\n",
       "      <td>540.92K</td>\n",
       "      <td>2.76</td>\n",
       "    </tr>\n",
       "    <tr>\n",
       "      <th>2024-02-08</th>\n",
       "      <td>ETH</td>\n",
       "      <td>2419.56</td>\n",
       "      <td>2424.66</td>\n",
       "      <td>2461.00</td>\n",
       "      <td>2412.01</td>\n",
       "      <td>350.33K</td>\n",
       "      <td>-0.21</td>\n",
       "    </tr>\n",
       "    <tr>\n",
       "      <th>2024-02-07</th>\n",
       "      <td>ETH</td>\n",
       "      <td>2424.64</td>\n",
       "      <td>2372.65</td>\n",
       "      <td>2443.71</td>\n",
       "      <td>2354.46</td>\n",
       "      <td>355.40K</td>\n",
       "      <td>2.19</td>\n",
       "    </tr>\n",
       "    <tr>\n",
       "      <th>2024-02-06</th>\n",
       "      <td>ETH</td>\n",
       "      <td>2372.65</td>\n",
       "      <td>2301.83</td>\n",
       "      <td>2390.53</td>\n",
       "      <td>2299.24</td>\n",
       "      <td>381.23K</td>\n",
       "      <td>3.08</td>\n",
       "    </tr>\n",
       "    <tr>\n",
       "      <th>...</th>\n",
       "      <td>...</td>\n",
       "      <td>...</td>\n",
       "      <td>...</td>\n",
       "      <td>...</td>\n",
       "      <td>...</td>\n",
       "      <td>...</td>\n",
       "      <td>...</td>\n",
       "    </tr>\n",
       "    <tr>\n",
       "      <th>2020-01-05</th>\n",
       "      <td>ETH</td>\n",
       "      <td>135.59</td>\n",
       "      <td>134.32</td>\n",
       "      <td>138.33</td>\n",
       "      <td>134.32</td>\n",
       "      <td>12.19M</td>\n",
       "      <td>0.94</td>\n",
       "    </tr>\n",
       "    <tr>\n",
       "      <th>2020-01-04</th>\n",
       "      <td>ETH</td>\n",
       "      <td>134.33</td>\n",
       "      <td>134.30</td>\n",
       "      <td>135.57</td>\n",
       "      <td>132.76</td>\n",
       "      <td>11.16M</td>\n",
       "      <td>0.04</td>\n",
       "    </tr>\n",
       "    <tr>\n",
       "      <th>2020-01-03</th>\n",
       "      <td>ETH</td>\n",
       "      <td>134.27</td>\n",
       "      <td>127.19</td>\n",
       "      <td>134.86</td>\n",
       "      <td>126.05</td>\n",
       "      <td>15.67M</td>\n",
       "      <td>5.56</td>\n",
       "    </tr>\n",
       "    <tr>\n",
       "      <th>2020-01-02</th>\n",
       "      <td>ETH</td>\n",
       "      <td>127.19</td>\n",
       "      <td>130.75</td>\n",
       "      <td>130.77</td>\n",
       "      <td>126.74</td>\n",
       "      <td>11.45M</td>\n",
       "      <td>-2.72</td>\n",
       "    </tr>\n",
       "    <tr>\n",
       "      <th>2020-01-01</th>\n",
       "      <td>ETH</td>\n",
       "      <td>130.75</td>\n",
       "      <td>129.21</td>\n",
       "      <td>132.97</td>\n",
       "      <td>128.81</td>\n",
       "      <td>10.35M</td>\n",
       "      <td>1.19</td>\n",
       "    </tr>\n",
       "  </tbody>\n",
       "</table>\n",
       "<p>1502 rows × 7 columns</p>\n",
       "</div>"
      ],
      "text/plain": [
       "           Coin    Price     Open     High      Low     Vol. Change %\n",
       "Date                                                                 \n",
       "2024-02-10  ETH  2508.31  2486.24  2514.83  2483.50  504.80K     0.89\n",
       "2024-02-09  ETH  2486.24  2419.56  2522.96  2419.16  540.92K     2.76\n",
       "2024-02-08  ETH  2419.56  2424.66  2461.00  2412.01  350.33K    -0.21\n",
       "2024-02-07  ETH  2424.64  2372.65  2443.71  2354.46  355.40K     2.19\n",
       "2024-02-06  ETH  2372.65  2301.83  2390.53  2299.24  381.23K     3.08\n",
       "...         ...      ...      ...      ...      ...      ...      ...\n",
       "2020-01-05  ETH   135.59   134.32   138.33   134.32   12.19M     0.94\n",
       "2020-01-04  ETH   134.33   134.30   135.57   132.76   11.16M     0.04\n",
       "2020-01-03  ETH   134.27   127.19   134.86   126.05   15.67M     5.56\n",
       "2020-01-02  ETH   127.19   130.75   130.77   126.74   11.45M    -2.72\n",
       "2020-01-01  ETH   130.75   129.21   132.97   128.81   10.35M     1.19\n",
       "\n",
       "[1502 rows x 7 columns]"
      ]
     },
     "execution_count": 8,
     "metadata": {},
     "output_type": "execute_result"
    }
   ],
   "source": [
    "eth"
   ]
  },
  {
   "cell_type": "markdown",
   "id": "6af3eedb-53d3-43ab-8a81-411fba971875",
   "metadata": {},
   "source": [
    "**Nota: Se pueden reemplazar varios al mismo tiempo, para ello dentro del parentesis del replace hay que poner corchetes con la lista de valores a cambiar y se deben poner respectivamente los valores que reemplazaran los valores especificados**"
   ]
  },
  {
   "cell_type": "markdown",
   "id": "061288b2-1af1-4544-81c0-7125d7bbb11e",
   "metadata": {},
   "source": [
    "## Conversion de tipos de dato, usando \"astype\""
   ]
  },
  {
   "cell_type": "code",
   "execution_count": 9,
   "id": "30bc277c-72d8-425c-a590-6fc493d16145",
   "metadata": {},
   "outputs": [
    {
     "name": "stdout",
     "output_type": "stream",
     "text": [
      "<class 'pandas.core.frame.DataFrame'>\n",
      "DatetimeIndex: 1502 entries, 2024-02-10 to 2020-01-01\n",
      "Data columns (total 7 columns):\n",
      " #   Column    Non-Null Count  Dtype  \n",
      "---  ------    --------------  -----  \n",
      " 0   Coin      1502 non-null   object \n",
      " 1   Price     1502 non-null   float64\n",
      " 2   Open      1502 non-null   float64\n",
      " 3   High      1502 non-null   float64\n",
      " 4   Low       1502 non-null   float64\n",
      " 5   Vol.      1502 non-null   object \n",
      " 6   Change %  1502 non-null   object \n",
      "dtypes: float64(4), object(3)\n",
      "memory usage: 93.9+ KB\n"
     ]
    }
   ],
   "source": [
    "eth.info()"
   ]
  },
  {
   "cell_type": "code",
   "execution_count": 10,
   "id": "29f60f69-9fea-4c35-beee-2dace53324c1",
   "metadata": {},
   "outputs": [
    {
     "data": {
      "text/plain": [
       "'9.85'"
      ]
     },
     "execution_count": 10,
     "metadata": {},
     "output_type": "execute_result"
    }
   ],
   "source": [
    "eth['Change %'].max() "
   ]
  },
  {
   "cell_type": "markdown",
   "id": "e407f623-22a4-430e-af89-d7e9155f2a93",
   "metadata": {},
   "source": [
    "*Como podemos ver, si preguntamos el valor maximo, no nos da error pero, sabemos que el valor maximo no es 9.85, por lo que esta incorrecto, esto se debe a que Change es un dato tipo objeto, no un float, por lo que el \"programa\" no sabe realmente cual es el valor mas alto.*"
   ]
  },
  {
   "cell_type": "code",
   "execution_count": 11,
   "id": "09f86a0f-dde6-40e7-8899-0c73621eb6e3",
   "metadata": {
    "scrolled": true
   },
   "outputs": [],
   "source": [
    "eth.drop(columns = ['Coin'], inplace = True) #Paso extra propio por que la columna coin me parece una estupidez xD,sigue mas abajo la conversion"
   ]
  },
  {
   "cell_type": "code",
   "execution_count": 12,
   "id": "fecbee10-feea-4e35-b8ae-3fd54d572c01",
   "metadata": {},
   "outputs": [
    {
     "name": "stdout",
     "output_type": "stream",
     "text": [
      "<class 'pandas.core.frame.DataFrame'>\n",
      "DatetimeIndex: 1502 entries, 2024-02-10 to 2020-01-01\n",
      "Data columns (total 6 columns):\n",
      " #   Column    Non-Null Count  Dtype  \n",
      "---  ------    --------------  -----  \n",
      " 0   Price     1502 non-null   float64\n",
      " 1   Open      1502 non-null   float64\n",
      " 2   High      1502 non-null   float64\n",
      " 3   Low       1502 non-null   float64\n",
      " 4   Vol.      1502 non-null   object \n",
      " 5   Change %  1502 non-null   object \n",
      "dtypes: float64(4), object(2)\n",
      "memory usage: 82.1+ KB\n"
     ]
    }
   ],
   "source": [
    "eth.info()"
   ]
  },
  {
   "cell_type": "code",
   "execution_count": 13,
   "id": "ff735b18-e9e6-450a-a06c-ea5b63d8c467",
   "metadata": {},
   "outputs": [],
   "source": [
    "eth['Change %'] = eth['Change %'].astype('float') #astype() puede converti tipos de datos, para ello debes especificar el tipo entre comillas simples"
   ]
  },
  {
   "cell_type": "code",
   "execution_count": 14,
   "id": "1bd4c7ff-9913-476f-a561-85d478fae130",
   "metadata": {},
   "outputs": [
    {
     "data": {
      "text/html": [
       "<div>\n",
       "<style scoped>\n",
       "    .dataframe tbody tr th:only-of-type {\n",
       "        vertical-align: middle;\n",
       "    }\n",
       "\n",
       "    .dataframe tbody tr th {\n",
       "        vertical-align: top;\n",
       "    }\n",
       "\n",
       "    .dataframe thead th {\n",
       "        text-align: right;\n",
       "    }\n",
       "</style>\n",
       "<table border=\"1\" class=\"dataframe\">\n",
       "  <thead>\n",
       "    <tr style=\"text-align: right;\">\n",
       "      <th></th>\n",
       "      <th>Price</th>\n",
       "      <th>Open</th>\n",
       "      <th>High</th>\n",
       "      <th>Low</th>\n",
       "      <th>Vol.</th>\n",
       "      <th>Change %</th>\n",
       "    </tr>\n",
       "    <tr>\n",
       "      <th>Date</th>\n",
       "      <th></th>\n",
       "      <th></th>\n",
       "      <th></th>\n",
       "      <th></th>\n",
       "      <th></th>\n",
       "      <th></th>\n",
       "    </tr>\n",
       "  </thead>\n",
       "  <tbody>\n",
       "    <tr>\n",
       "      <th>2024-02-10</th>\n",
       "      <td>2508.31</td>\n",
       "      <td>2486.24</td>\n",
       "      <td>2514.83</td>\n",
       "      <td>2483.50</td>\n",
       "      <td>504.80K</td>\n",
       "      <td>0.89</td>\n",
       "    </tr>\n",
       "    <tr>\n",
       "      <th>2024-02-09</th>\n",
       "      <td>2486.24</td>\n",
       "      <td>2419.56</td>\n",
       "      <td>2522.96</td>\n",
       "      <td>2419.16</td>\n",
       "      <td>540.92K</td>\n",
       "      <td>2.76</td>\n",
       "    </tr>\n",
       "    <tr>\n",
       "      <th>2024-02-08</th>\n",
       "      <td>2419.56</td>\n",
       "      <td>2424.66</td>\n",
       "      <td>2461.00</td>\n",
       "      <td>2412.01</td>\n",
       "      <td>350.33K</td>\n",
       "      <td>-0.21</td>\n",
       "    </tr>\n",
       "    <tr>\n",
       "      <th>2024-02-07</th>\n",
       "      <td>2424.64</td>\n",
       "      <td>2372.65</td>\n",
       "      <td>2443.71</td>\n",
       "      <td>2354.46</td>\n",
       "      <td>355.40K</td>\n",
       "      <td>2.19</td>\n",
       "    </tr>\n",
       "    <tr>\n",
       "      <th>2024-02-06</th>\n",
       "      <td>2372.65</td>\n",
       "      <td>2301.83</td>\n",
       "      <td>2390.53</td>\n",
       "      <td>2299.24</td>\n",
       "      <td>381.23K</td>\n",
       "      <td>3.08</td>\n",
       "    </tr>\n",
       "    <tr>\n",
       "      <th>...</th>\n",
       "      <td>...</td>\n",
       "      <td>...</td>\n",
       "      <td>...</td>\n",
       "      <td>...</td>\n",
       "      <td>...</td>\n",
       "      <td>...</td>\n",
       "    </tr>\n",
       "    <tr>\n",
       "      <th>2020-01-05</th>\n",
       "      <td>135.59</td>\n",
       "      <td>134.32</td>\n",
       "      <td>138.33</td>\n",
       "      <td>134.32</td>\n",
       "      <td>12.19M</td>\n",
       "      <td>0.94</td>\n",
       "    </tr>\n",
       "    <tr>\n",
       "      <th>2020-01-04</th>\n",
       "      <td>134.33</td>\n",
       "      <td>134.30</td>\n",
       "      <td>135.57</td>\n",
       "      <td>132.76</td>\n",
       "      <td>11.16M</td>\n",
       "      <td>0.04</td>\n",
       "    </tr>\n",
       "    <tr>\n",
       "      <th>2020-01-03</th>\n",
       "      <td>134.27</td>\n",
       "      <td>127.19</td>\n",
       "      <td>134.86</td>\n",
       "      <td>126.05</td>\n",
       "      <td>15.67M</td>\n",
       "      <td>5.56</td>\n",
       "    </tr>\n",
       "    <tr>\n",
       "      <th>2020-01-02</th>\n",
       "      <td>127.19</td>\n",
       "      <td>130.75</td>\n",
       "      <td>130.77</td>\n",
       "      <td>126.74</td>\n",
       "      <td>11.45M</td>\n",
       "      <td>-2.72</td>\n",
       "    </tr>\n",
       "    <tr>\n",
       "      <th>2020-01-01</th>\n",
       "      <td>130.75</td>\n",
       "      <td>129.21</td>\n",
       "      <td>132.97</td>\n",
       "      <td>128.81</td>\n",
       "      <td>10.35M</td>\n",
       "      <td>1.19</td>\n",
       "    </tr>\n",
       "  </tbody>\n",
       "</table>\n",
       "<p>1502 rows × 6 columns</p>\n",
       "</div>"
      ],
      "text/plain": [
       "              Price     Open     High      Low     Vol.  Change %\n",
       "Date                                                             \n",
       "2024-02-10  2508.31  2486.24  2514.83  2483.50  504.80K      0.89\n",
       "2024-02-09  2486.24  2419.56  2522.96  2419.16  540.92K      2.76\n",
       "2024-02-08  2419.56  2424.66  2461.00  2412.01  350.33K     -0.21\n",
       "2024-02-07  2424.64  2372.65  2443.71  2354.46  355.40K      2.19\n",
       "2024-02-06  2372.65  2301.83  2390.53  2299.24  381.23K      3.08\n",
       "...             ...      ...      ...      ...      ...       ...\n",
       "2020-01-05   135.59   134.32   138.33   134.32   12.19M      0.94\n",
       "2020-01-04   134.33   134.30   135.57   132.76   11.16M      0.04\n",
       "2020-01-03   134.27   127.19   134.86   126.05   15.67M      5.56\n",
       "2020-01-02   127.19   130.75   130.77   126.74   11.45M     -2.72\n",
       "2020-01-01   130.75   129.21   132.97   128.81   10.35M      1.19\n",
       "\n",
       "[1502 rows x 6 columns]"
      ]
     },
     "execution_count": 14,
     "metadata": {},
     "output_type": "execute_result"
    }
   ],
   "source": [
    "eth"
   ]
  },
  {
   "cell_type": "code",
   "execution_count": 15,
   "id": "61f930d1-c196-4688-944f-c1386a49b28a",
   "metadata": {},
   "outputs": [
    {
     "data": {
      "text/plain": [
       "25.96"
      ]
     },
     "execution_count": 15,
     "metadata": {},
     "output_type": "execute_result"
    }
   ],
   "source": [
    "eth['Change %'].max()"
   ]
  },
  {
   "cell_type": "markdown",
   "id": "d4a090cd-1786-44df-bca4-81d4d047035e",
   "metadata": {},
   "source": [
    "*Esta vez, como podemos evidenciar, el resultado es distinto y esta correcto, esto gracias a que al ser un float ahora si se puede identificar cual es el valor mas alto.*\n",
    "\n",
    "**Dato extra: Si hubieramnos convertido el dato a tipo Int, el codigo hubiera truncado el valor al entero del dato**"
   ]
  },
  {
   "cell_type": "markdown",
   "id": "5a8cb129-30f8-4393-b714-5884e0561049",
   "metadata": {},
   "source": [
    "## Extrayendo componentes de una fecha con dt"
   ]
  },
  {
   "cell_type": "code",
   "execution_count": 16,
   "id": "113b4c4a-848d-4e3f-8cb0-bd53b205b0ce",
   "metadata": {},
   "outputs": [
    {
     "data": {
      "text/html": [
       "<div>\n",
       "<style scoped>\n",
       "    .dataframe tbody tr th:only-of-type {\n",
       "        vertical-align: middle;\n",
       "    }\n",
       "\n",
       "    .dataframe tbody tr th {\n",
       "        vertical-align: top;\n",
       "    }\n",
       "\n",
       "    .dataframe thead th {\n",
       "        text-align: right;\n",
       "    }\n",
       "</style>\n",
       "<table border=\"1\" class=\"dataframe\">\n",
       "  <thead>\n",
       "    <tr style=\"text-align: right;\">\n",
       "      <th></th>\n",
       "      <th>ProductKey</th>\n",
       "      <th>product</th>\n",
       "      <th>product_subcategory</th>\n",
       "      <th>OrderDateKey</th>\n",
       "      <th>CalendarYear</th>\n",
       "      <th>SalesTerritoryRegion</th>\n",
       "      <th>SalesTerritoryCountry</th>\n",
       "      <th>SalesOrderNumber</th>\n",
       "      <th>SalesAmount</th>\n",
       "      <th>TaxAmt</th>\n",
       "      <th>Freight</th>\n",
       "    </tr>\n",
       "  </thead>\n",
       "  <tbody>\n",
       "    <tr>\n",
       "      <th>0</th>\n",
       "      <td>310</td>\n",
